time,x,y,z,phi,theta,psi,x_velocity,y_velocity,z_velocity,phi_velocity,theta_velocity,psi_velocity,rotor_speed1,rotor_speed2,rotor_speed3,rotor_speed4
0.06,-3.467550880785349e-08,5.777511334079549e-09,10.004702774401087,6.282797210625075,6.282778695631922,0.0,1.5102338830674522e-05,-1.5780616556777145e-05,0.15674980712902625,-0.02434359739131766,-0.02593687955367322,0.0,455.6036135792943,453.52560069099815,455.5076547848013,453.5571621190359
0.12000000000000001,1.7388246595546436e-05,-1.6686917418461253e-05,10.020206885802352,6.28107968686567,6.280846268028416,0.0,0.0007649185566640322,-0.0007249292385187451,0.360010914837083,-0.03897020245904952,-0.04928863380152255,0.0,468.7284236644975,466.9100155917305,469.87568067012984,468.7403693219831
0.18,0.00011039314996443311,-0.00010129963426552382,10.040451877274467,6.279055278961721,6.2777892949623695,0.0,0.00257720835949409,-0.0022698186809433224,0.3148349206012047,-0.024925780956264933,-0.05449607690536331,0.0,388.71006594763287,388.21976153529687,387.3878235875814,388.70529611284564
0.23999999999999996,0.00039928800595026386,-0.00033612809584928927,10.064044507234197,6.2773148167573485,6.274197478408581,0.0,0.0074277124954506045,-0.005734430377866334,0.47153056564438856,-0.03876632253290134,-0.07365030988633745,0.0,455.01198582632486,453.47363395306655,455.6452296360013,454.5373169182786
0.3,0.001106161094882183,-0.000847752777753158,10.10134313131298,6.275314816912765,6.269292145995905,0.0,0.01673432468858319,-0.011601116772018683,0.7715948764436855,-0.02423014375568045,-0.10749888781498892,0.0,497.3506494523968,494.860502655807,496.62453484005056,497.68908773738804
0.36000000000000004,0.002436412152476405,-0.001719527955721302,10.151596369800197,6.274088157305384,6.262790433512933,0.0,0.028296943292993995,-0.017599247219968472,0.9034052671099242,-0.013782879941714751,-0.11014464085441766,0.0,447.8023365443525,447.57684004115487,446.96810405164206,447.818612435552
0.4200000000000001,0.004680012736954186,-0.0030081513006338045,10.213379419260441,6.273781769769974,6.25594278958393,0.0,0.04732112722217833,-0.025418238707965425,1.155789055977636,0.008214574860448786,-0.1235914326153759,0.0,483.9421974967695,482.918526868636,483.2443005692001,484.8994856838686
0.48000000000000015,0.008080967625731237,-0.004715418792029375,10.284691490673097,6.274769848128715,6.248150045396784,0.0,0.06677429213409103,-0.03141456689113239,1.2211902185359231,0.02927717873556533,-0.14700622071919983,0.0,427.94682002949963,425.9325924150881,426.6455135645136,428.4398068306646
0.5400000000000001,0.01291073686412859,-0.006780926677610205,10.362746967881096,6.277188678757767,6.239277892713581,0.0,0.09519112216175608,-0.037196040871954876,1.3804432848111179,0.056298241553596876,-0.14965133812398493,0.0,456.72403018364236,456.4931545152405,456.25172604729045,458.4044833558588
0.6000000000000002,0.019656984116412934,-0.00913429899772624,10.450609771713069,6.2808508209045275,6.230358905216837,0.0,0.13067601869817308,-0.04085265652884652,1.5480573522281633,0.06913386733157906,-0.14672067816262985,0.0,460.4185049480985,460.6303844495151,458.92455901779755,459.944635970594
0.6600000000000003,0.02873930264743176,-0.011621099074907586,10.548618936068275,0.001934036070994516,6.22162457214009,0.0,0.17304000057329255,-0.04156692093496125,1.7186156906670718,0.07488106649622765,-0.1433714630630227,0.0,461.58357874719724,461.82882821132034,460.92991763256447,461.387523091254
0.7200000000000003,0.040600152033064066,-0.014050452058089077,10.657459394304395,0.006519432450293294,6.212907144244468,0.0,0.22330047381542262,-0.03888886032274655,1.909029292927175,0.07934024458068568,-0.1494294458451668,0.0,468.8524661901818,468.3630100289103,467.27155535864046,467.6233142450923
0.7800000000000004,0.05547838556906319,-0.01623190709571864,10.774887759602906,0.011196660365929034,6.203897081561344,0.0,0.27353867460428655,-0.033349603692253975,2.005007822847275,0.075027652884203,-0.1516847529619609,0.0,439.40570471766,439.19720410633704,440.4945589290569,440.14270228119597
0.8400000000000004,0.07372265285299621,-0.01796133756750818,10.9001152593336,0.015666319355268854,6.195111351904648,0.0,0.3355719628975751,-0.02380302451111651,2.16884642615861,0.07340635430589004,-0.13758508242866851,0.0,461.09177657060775,462.1849061646847,461.16402912406306,461.0400761982292
0.9000000000000005,0.09596172783752703,-0.01900267587506747,11.036021283682588,0.020596868159096005,6.186683036408466,0.0,0.4066567481734672,-0.010372007452245507,2.360865499910241,0.09560061843586376,-0.14697276363721345,0.0,470.9443902463923,470.20051282670113,469.8737219658935,471.59599952619624
0.9600000000000005,0.12277562108051307,-0.019093520090331967,11.184551909094088,0.02645417180504328,6.178127469381685,0.0,0.4881366305727323,0.008032132298261356,2.5895242739301967,0.10138239774570028,-0.1350306491866292,0.0,481.7405464768915,482.62535944825504,482.4721771476068,482.9158081512214
1.0200000000000005,0.15458255799912277,-0.017961898712940995,11.345823464037801,0.03249677400434159,6.169622420051024,0.0,0.5729978720481808,0.030376661743639007,2.7855869774288777,0.09933135374751599,-0.16063353886272783,0.0,475.36648806520924,473.3826485822169,474.05305804638573,473.9035007983883
1.0800000000000005,0.19098225770434626,-0.015552580580396602,11.51275255844877,0.03874339112311276,6.1594181097202245,0.0,0.6411604672391316,0.05045736787627475,2.778590358212833,0.11226659537952498,-0.20622484850923514,0.0,413.65967067505915,409.5923574928774,410.0123185479414,411.17025738187476
1.1400000000000006,0.23227293612292646,-0.0116339720503789,11.684086518132782,0.045091010079471694,6.147495366510473,0.0,0.7364692403154828,0.0808631575788798,2.93191789460028,0.08792275644935504,-0.18684053580995247,0.0,461.2659323183303,462.75682393210616,465.01552392989964,463.11366330456957
1.2000000000000006,0.2798824661839687,-0.005641733607192875,11.867029501196377,0.05168268059730163,6.135913012552887,0.0,0.8517978320243783,0.11958250641887543,3.165277588491783,0.1351361581355068,-0.2098071096736141,0.0,488.0147859971174,486.26409678002875,487.1676858619235,490.6936587409668
1.2600000000000007,0.3337814496125053,0.002519568770642861,12.057819766168,0.05949047227538973,6.122968761579976,0.0,0.9459723913130469,0.1531740597950163,3.194043016205212,0.11755346374308565,-0.23148928157823886,0.0,427.00909087913374,425.10642791538567,428.2854942415233,426.8034414112017
1.3200000000000007,0.3934831424241988,0.01280204244313798,12.249740965255038,0.06603087140957964,6.109427011188286,0.0,1.0452744092134996,0.19016885965080788,3.2029978741062632,0.0804808440184773,-0.21610187049605076,0.0,420.2822869564503,421.5599505126124,422.71965480677125,419.5232181397305
1.3800000000000008,0.4598912461773242,0.025602696461583578,12.445011084268074,0.07068605342221979,6.096625525373252,0.0,1.1695696925225332,0.23696400798896017,3.305354480005821,0.07106183921660772,-0.20837714253878872,0.0,451.07958666229325,451.6587922232565,453.31612707118296,452.5632317307926
1.4400000000000008,0.5343690999599459,0.04143316071976756,12.648196623019233,0.0750765925855772,6.0842601704880455,0.0,1.314280369303304,0.29113699992614606,3.4666035184699653,0.0770974736691064,-0.20187349641243582,0.0,471.58809147193847,472.05113365639824,471.3547965821289,471.824828464189
1.5000000000000009,0.6178102420100287,0.060612689327142553,12.861026872364283,0.0799083976334467,6.07211394145196,0.0,1.46829145813763,0.34863568232583153,3.626787546749578,0.0866335621516796,-0.20358697374780627,0.0,474.2377845571595,474.0687656583195,471.9656752836246,472.705910748431
1.560000000000001,0.7095659847728443,0.0829022798579183,13.077900676678281,0.08483377110820634,6.060422765565971,0.0,1.5912001655339478,0.39475321177919426,3.6020452771412863,0.07096140193508885,-0.1814814638324471,0.0,414.18908708127674,416.0882877966592,416.8745403074146,415.5086093028805
1.620000000000001,0.8087333494525936,0.10797843058012327,13.292574841944152,0.08915356535293384,6.049347784387464,0.0,1.7152382760449083,0.4414452806055929,3.5535567397459924,0.07398938360386116,-0.19163461444078306,0.0,408.8832370506275,407.9411312578671,407.54925888876767,407.8243396651617
1.680000000000001,0.9156452692183046,0.13596972526620582,13.504815312718634,0.09324558988075626,6.037736436034999,0.0,1.8494048534481689,0.49192559966176735,3.5208231540385624,0.05293583779232284,-0.19758693544955416,0.0,414.80660365776095,414.2439591631748,414.6046240151874,412.7543373317299
1.740000000000001,1.0311766342579893,0.16719056789969924,13.716539079238526,0.09650509572917088,6.025830384443513,0.0,2.002613497964756,0.5490077105132865,3.536118485019663,0.05696713197920606,-0.20018191871786495,0.0,431.86508442942187,431.60632108083564,430.64673367652745,430.9896792314936
1.8000000000000012,1.1552112155129004,0.20156207556630953,13.925752885725387,0.09996031518675785,6.013657285887168,0.0,2.1327512017867614,0.5969471663794278,3.4375732599953226,0.05879824440788664,-0.2089168609561226,0.0,393.141384038817,392.28464619518826,391.9324931591348,392.10543269113936
1.8600000000000012,1.2880384953672697,0.2391481265756221,14.131902396914315,0.10325301785711805,6.0007847228942115,0.0,2.295823006752499,0.6561625757954904,3.4335524585162362,0.04558783246702864,-0.22919699076966693,0.0,426.741966809492,424.95887447230547,427.38813713640883,426.2627420324515
1.9200000000000013,1.4320284265028118,0.2807447601143647,14.341673652701255,0.10649483345750088,5.986882491230293,0.0,2.5050527286691207,0.7305900812613098,3.55768978555244,0.06706562771406095,-0.23724704164300023,0.0,469.8319774740603,469.15697906724563,468.6123852652112,470.28075276677475
1.9800000000000013,1.5869782151155705,0.32621641347750957,14.552723564548343,0.1107021238712047,5.9730669357102855,0.0,2.660945708903338,0.7854035491513821,3.476985347566576,0.07562034253898572,-0.21906312127344865,0.0,402.04017247260356,403.6254131624544,402.7662695816764,403.54359113692453
2.0400000000000014,1.752922344767861,0.37553201421166754,14.763310254418974,0.11492606335598232,5.960669209395679,0.0,2.8715147319641776,0.8587654689340748,3.5416104283123273,0.05710638775109423,-0.18921807090386208,0.0,453.0801853185252,455.431586572384,454.3155272501049,452.832118301308
2.1000000000000014,1.932515809698209,0.4295891151161974,14.980029159483045,0.11826219168945862,5.949037902910769,0.0,3.1158024287878985,0.9433462342655419,3.6810563743830413,0.05241117719266798,-0.2052548148449512,0.0,480.3245489196943,479.07275584512604,479.9923697347482,479.637722619094
2.1600000000000015,2.12566867155862,0.4883264920731282,15.201218606061769,0.12132733327331557,5.93670878393154,0.0,3.3234932671565276,1.014738690882199,3.6911330027297025,0.04829449651780847,-0.20594953476412145,0.0,441.3373912015087,441.23822780227164,440.26247155447396,439.9233816194066
2.2200000000000015,2.332732966765648,0.551808145903783,15.42633610186272,0.12502261271364024,5.924721421740827,0.0,3.5795024066900627,1.1014934947173947,3.8114052123010835,0.07986184915036464,-0.18969038203027053,0.0,477.50914560714295,478.7117397388269,477.5973469629012,480.0014370544187
2.2800000000000016,2.555036790856379,0.620449627340579,15.657648396438018,0.13005213289461448,5.9142412340131685,0.0,3.8312901140197777,1.1868830131896242,3.8977558252381845,0.09075818470625022,-0.15480494821411434,0.0,469.7578383853673,472.4269351402417,469.7484064728747,470.5979839214474
2.3400000000000016,2.7933048524654946,0.6945334834383741,15.895778889072197,0.13504957894593872,5.905180550294464,0.0,4.111407640175293,1.2829430926704264,4.038398780240432,0.06097753866408164,-0.14434479891788762,0.0,489.7871504884265,490.5453683791417,491.6861750415685,489.4792924246357
2.4000000000000017,3.0471846113485217,0.7740074617647411,16.138876192058845,0.13838021688125757,5.8960712211872615,0.0,4.351661938500351,1.3663682588384258,4.0639058536327965,0.04138207174396379,-0.17415855921883944,0.0,457.7962900000451,455.3955371191144,457.4049650063864,455.84342331474556
2.4600000000000017,3.3144688258507746,0.8581413093386108,16.380641539806636,0.14054437013314747,5.885425964636127,0.0,4.558391576117652,1.4381820496100994,3.9944219275765778,0.02246383163822209,-0.18489572901124565,0.0,427.4641109320556,426.51604423465034,425.7095367097729,424.0879723668848
2.520000000000002,3.5940449912789005,0.9465182974233723,16.61759030111939,0.14150539935507034,5.874375202173546,0.0,4.7614186852271665,1.5077188152253234,3.903435643961239,-0.001769258117601407,-0.18278594474756021,0.0,419.246855470212,419.395062722379,420.56621881518964,418.4615666899334
2.580000000000002,3.8871901392380503,1.03946991016067,16.85187296225512,0.1413374426906877,5.8634521692291575,0.0,5.010603826127684,1.590486246397226,3.9050201425499336,-0.004943423203052968,-0.18062102380426606,0.0,454.30861704700845,454.4509243957817,452.2219035611776,451.96616134313217
2.640000000000002,4.19472617715831,1.137142122311059,17.08459656106306,0.14128617581502745,5.853202918297283,0.0,5.241076347787986,1.6651110174769777,3.851765217520794,0.006275230627909281,-0.15620991034500548,0.0,436.00405069357834,438.0100701542256,435.2204294053457,436.15859849231254
2.700000000000002,4.516104095056134,1.2392446752544972,17.313835280789956,0.14115325654287947,5.843819272527597,0.0,5.471886798662672,1.7382050144110803,3.7889338084998694,-0.030415300540762684,-0.15676454939744533,0.0,434.78550421034475,434.7152731767656,435.7285831731305,432.64976958879816
2.760000000000002,4.851912926016749,1.3458515180298611,17.540255765650475,0.13989429083567018,5.83459725258203,0.0,5.722037096573185,1.8150786678936404,3.7576441500703286,-0.006776133910890348,-0.14819166599564268,0.0,447.03434576094196,447.7103251801363,445.81369495170173,447.7413683778884
2.820000000000002,5.202026319600324,1.456803786049186,17.763088138457615,0.13947249084895308,5.825998565031153,0.0,5.948693427979303,1.8831929869953075,3.6696525867119862,-0.007542641951902919,-0.13500958594071982,0.0,427.3750594944495,428.4772354496748,429.186099685446,429.1211320613782
2.880000000000002,5.566841464451434,1.5721106971068188,17.98266018886494,0.13877509978319136,5.818033603552035,0.0,6.21191324092633,1.9601611220658663,3.6485868598064735,-0.021379667480658206,-0.12857826294882346,0.0,453.0299441292389,453.53102294952834,454.4266296490508,453.3159783805195
2.940000000000002,5.947047939953983,1.6918739057814483,18.199982047804323,0.13720960781523583,5.810804770551414,0.0,6.461707921368987,2.0316985753848926,3.594868361069638,-0.037745736244210217,-0.10787180462547441,0.0,442.8500798107992,444.5370001193105,444.8616492904533,443.51903021699513
3.000000000000002,6.343475255791933,1.8162009993206025,18.41633677181645,0.1349080875125077,5.804641086864155,0.0,6.752340697874327,2.1121376952822284,3.6159619280009747,-0.03961330300735134,-0.09404202713030453,0.0,470.98122071092007,472.0412546969998,471.1720327574768,471.02697304775046
3.0600000000000023,6.755067274554635,1.944699571051375,18.629517831745893,0.13260207457783668,5.799166827060116,0.0,6.967414879411823,2.1709206319773875,3.490009924280592,-0.03617323843128331,-0.08615157774903733,0.0,421.132649419829,421.80726229946686,420.2793841154116,420.57670380617157
3.1200000000000023,7.179816406824225,2.076743354499587,18.835605258213498,0.13042370217484844,5.794267918385579,0.0,7.190817499265123,2.2303084513365166,3.379441655398249,-0.03657341574776626,-0.07389863800796329,0.0,425.6115996257841,426.6534925509755,427.66339730717846,427.62865065403264
3.1800000000000024,7.618470072417386,2.2124317466077352,19.03600682815242,0.1289367711074565,5.791121136430419,0.0,7.430698082305208,2.2924140729667855,3.3003732685198868,-0.008004210466024364,-0.027497383359708,0.0,436.21590225238157,440.0720162399809,438.28577494497756,440.65416802309073
3.2400000000000024,8.07165866545314,2.3518621517374556,19.23201902645279,0.12817837008559074,5.789012445058287,0.0,7.675125146872868,2.3551374565201786,3.2331620932930347,-0.024059442231452816,-0.0583853427464639,0.0,445.6042243603846,443.0706383338324,443.41175271539265,442.0905926394219
3.3000000000000025,8.53964280784802,2.495074525290079,19.424345496536088,0.1270188388989988,5.7859589367639845,0.0,7.923945608820298,2.4184008764597107,3.177364721053929,-0.011229999475830255,-0.03903105977164026,0.0,447.2160733893393,448.7884078987414,448.0120169973473,449.05422333183583
3.3600000000000025,9.022468723232478,2.6420458659357973,19.613259729157313,0.1260498650215771,5.783910162061293,0.0,8.169754697619394,2.4804868199955483,3.1195025970296677,-0.028462781435402908,-0.025830604709735274,0.0,447.00392550605125,448.0781215326791,449.73481616777246,448.33655724129443
3.4200000000000026,9.522192953909311,2.793224289259042,19.80275270481081,0.12494331765969768,5.782427467984455,0.0,8.4867355445424,2.5584651027247443,3.1958846645014587,-0.0035677815706465204,-0.02256274489016228,0.0,495.0284091482757,495.26884724147976,493.4994947736575,495.33410170530425
3.4800000000000026,10.037680072629163,2.948330362386968,19.991082951082433,0.12497386650219511,5.781030441486914,0.0,8.695758610334098,2.611689755098647,3.081925569544427,0.007620433455116097,-0.024766122490945664,0.0,430.74551974892717,430.55902358104566,430.4191858309807,431.3652916632842
3.5400000000000027,10.565639762557382,3.1066267447591485,20.172628181938634,0.1254900152911782,5.779204159869828,0.0,8.902488443433825,2.6648462003426703,2.969690106846331,0.01049761754422753,-0.045289218642683274,0.0,431.9434922511927,430.20831280447385,430.9977553829072,431.2408133537538
3.6000000000000028,11.106330272427448,3.268202321010193,20.348182254150462,0.12617177665506052,5.7762932885040055,0.0,9.12011363604215,2.7209792202994754,2.881979687807445,0.013038997885145277,-0.05590115333260309,0.0,440.5241654369432,439.64403388079467,439.91747896937443,440.12780191903266
3.660000000000003,11.658545287176116,3.432812119332944,20.515855791892164,0.1271101101093759,5.773445477686067,0.0,9.2869123193325,2.766060504039317,2.707559445425968,0.02038832814836058,-0.03443364015480335,0.0,406.3074471188033,408.22643499291473,406.83924635653017,407.4968893466627
3.720000000000003,12.2225736882421,3.600556375777229,20.676417051823087,0.1280220051804104,5.771580077108,0.0,9.51345690070784,2.825410783468241,2.6442618417600867,0.0020010717740929357,-0.0251258531188612,0.0,448.162007048628,448.91778347064513,448.75282940038494,447.2572764853839
3.780000000000003,12.80119382808752,3.772109436534177,20.8351172008751,0.1281579661524157,5.770289641302732,0.0,9.773036377974888,2.8928961860432203,2.645176288777941,0.0027907495295812776,-0.015107175938225796,0.0,470.6982292553739,471.4731419513086,471.7225294418995,471.7834733520863
3.840000000000003,13.39383206274341,3.947372845105588,20.99132989169545,0.12816961557612316,5.769710645279204,0.0,9.9809631381072,2.949162432070195,2.5619600298465257,-0.005583946923269486,-0.000510860253018836,0.0,441.7129430253162,442.9154912967828,443.4601222690612,442.7714654132549
3.900000000000003,13.999224991685786,4.126091249363531,21.143280481351496,0.12738799588253258,5.769776532129706,0.0,10.198052119858946,3.0080048489041666,2.5030366525726766,-0.03524249929103312,0.0041363562116375355,0.0,451.30908328546195,451.68410962884695,452.38494818759125,449.98978326431893
3.960000000000003,14.618168787052058,4.308461147600203,21.29288942669851,0.12633174288825977,5.770069160262572,0.0,10.432495863250713,3.070764050924074,2.4837052989169215,0.0045045255506114025,0.006319071347154877,0.0,465.3827230608171,465.5534983929726,463.7335515158159,466.84605230735775
4.020000000000002,15.250266997335741,4.494401540727694,21.44001421182825,0.12629516820908204,5.771173437508532,0.0,10.636656772134996,3.1272008652002485,2.42054202365557,-0.013557119183445435,0.03548569626828431,0.0,448.70942927214406,451.0716880205533,451.4828639239164,450.0228212520925
4.080000000000001,15.892443816959396,4.683265084946014,21.57984302302889,0.12513917171083655,5.774570211400331,0.0,10.768797363054121,3.1682520038450344,2.241482461185494,-0.034253973977194804,0.08133682391802735,0.0,403.7611420512727,407.8803419989635,406.66997041546193,404.81111025255734
4.14,16.543864587649672,4.874904686862552,21.711681854854046,0.12345152107321855,5.779387425296132,0.0,10.944292538761195,3.219603842494461,2.153832356816597,-0.01806134954794467,0.0781011394046911,0.0,438.45141219556933,438.1877044353067,436.91118433313994,438.2592892758401
4.199999999999998,17.206020095745426,5.069691632877287,21.83910850002942,0.12250303774947646,5.784254204617685,0.0,11.126523019840329,3.273202241400164,2.09423573195018,-0.011644768467244281,0.0865397487120517,0.0,446.04653972572856,446.74061348083274,446.4696036021758,446.9930673967961
4.259999999999997,17.879210737084037,5.26774849471951,21.963637712994885,0.12167494151427416,5.789730516203271,0.0,11.312012376278368,3.328609894309195,2.057180501619058,-0.0185076425153567,0.09936027182267228,0.0,452.48956146368,453.52752901986486,453.97025047026284,453.419188334276
4.319999999999996,18.562600779538986,5.468954525034972,22.08475629355336,0.12020592520042861,5.796023193933161,0.0,11.466646302156065,3.378181444432412,1.9808940726645614,-0.04044334589754727,0.11409569899297503,0.0,437.46451605023844,438.69982309000494,438.86053962548266,437.03527107324993
4.379999999999995,19.255005399042307,5.6731000413322334,22.201360638137924,0.11763736861935037,5.803138338735202,0.0,11.612460682197423,3.426505501580029,1.9068194826323523,-0.04801778354712932,0.1263139775781182,0.0,436.357959371522,437.38985747723893,436.95616853503515,436.323016414087
4.439999999999993,19.95753581984866,5.880468121853294,22.316754393283116,0.11483693778140225,5.8106181593777,0.0,11.803682274262947,3.485460877643895,1.9399884657577267,-0.044113806672254084,0.12114380574669996,0.0,472.6807478888934,472.29513235083607,471.76020886378495,472.0604790487192
4.499999999999992,20.670902524248906,6.091240227123842,22.433565070844082,0.11265696356799104,5.81807874333618,0.0,11.973805100253605,3.540036462938472,1.9541551528115297,-0.024109121080343042,0.13007140467675263,0.0,464.8698840379824,465.58233454070427,463.96314233244743,465.53092038955776
4.559999999999991,21.395897454393285,6.305628837048417,22.554712174001533,0.11110178182164976,5.82533236182913,0.0,12.190781789764944,3.6059919841982366,2.0838668498981328,-0.02981132124130176,0.08736808880018629,0.0,503.61932482061246,500.530763205468,501.70248930105157,501.288149602364
4.6199999999999894,22.130050464128868,6.523132080167038,22.676513135561773,0.10878157988781378,5.830952808202122,0.0,12.280314314633767,3.644019882538484,1.9772132709009513,-0.0695187733637137,0.103978719714355,0.0,421.05448739412583,422.49736625167344,423.5513614634137,420.1200894324377
4.679999999999988,22.87085741742745,6.743202131574396,22.795054148965363,0.10517157628454754,5.837405723098449,0.0,12.412117987087779,3.691293117826614,1.9747071307457993,-0.04605687418409245,0.11386770995342621,0.0,455.78576141044647,456.58541951778716,455.7514537644102,457.62073578253546
4.739999999999987,23.61931906340288,6.966040551434162,22.913511565873584,0.10270038997372577,5.844036657930367,0.0,12.535459514806304,3.736411664530927,1.9744281988324581,-0.032892204381042525,0.10279639908138308,0.0,456.8127082230453,455.93915578748675,454.9323304476341,455.9846289816254
4.799999999999986,24.374837494960197,7.1915156866975725,23.031808620142556,0.10095249950287055,5.850023680545267,0.0,12.64745258341692,3.7792498762252613,1.9693221453935197,-0.022509578297473704,0.09295668090256069,0.0,452.77319346478333,451.988986762635,453.35822812757607,454.19168680707855
4.859999999999984,25.138606373948516,7.419906968524118,23.153642240257202,0.09922162967774106,5.855333279715611,0.0,12.810068607008562,3.8335361200370865,2.0914749197250226,-0.046197772607686254,0.07761117937835574,0.0,495.45689105097364,494.3326541395946,493.71036231010726,491.9588147105897
4.919999999999983,25.909209246356152,7.650920489553225,23.276961226607266,0.09671945918343905,5.860085658633498,0.0,12.876087014496829,3.8667278881321243,2.0200069947376362,-0.03396273976239459,0.08221786239127876,0.0,428.88261343037067,429.27908320483976,429.3969722864506,430.43294769763475
4.979999999999982,26.685159530496886,7.884214880288543,23.399509959887553,0.09438541968790126,5.86527527336453,0.0,12.98787851791578,3.909497762775453,2.065103229706783,-0.05126962909208571,0.09390212306704422,0.0,467.23454724501164,468.15055986337137,468.5692779489935,467.22078476413503
5.0399999999999805,27.468793150788166,8.120272248066554,23.527479845665503,0.09279274158096129,5.871700991969799,0.0,13.131783712975283,3.958762772155757,2.200260898470312,0.000534543537142957,0.1252666293652123,0.0,495.38192794115776,497.6917782894926,494.01537674380666,497.8209925206331
